m1=100;
b1=50;
k1=50;
m2=50;
k2=50;
b2=25;