M1=100;
B1=50;
K1=50;
M2=50;
K2=50;
B2=25;